10 200
14 200
16 200
15 200
17 200
16 200
17 200
16 200
17 200
18 200
11 200
11 200
12 200
14 200
14 200
15 200
17 200
16 200
18 200
16 200
12 200
10 200
13 200
15 200
12 200
14 200
15 200
15 200
15 200
16 200
9 200
12 200
11 200
14 200
9 200
16 200
16 200
16 200
17 200
16 200
11 200
12 200
15 200
12 200
15 200
19 200
16 200
17 200
19 200
20 200
12 200
14 200
13 200
13 200
15 200
14 200
17 200
17 200
18 200
14 200
6 200
10 200
13 200
13 200
16 200
17 200
15 200
18 200
17 200
14 200
7 200
9 200
11 200
13 200
13 200
16 200
15 200
16 200
13 200
17 200
8 200
13 200
14 200
14 200
9 200
14 200
16 200
16 200
16 200
18 200
10 200
9 200
12 200
14 200
15 200
13 200
16 200
16 200
17 200
14 200
