10 200
13 200
13 200
12 200
14 200
15 200
15 200
16 200
19 200
21 200
6 200
8 200
10 200
9 200
13 200
11 200
14 200
15 200
14 200
16 200
9 200
12 200
10 200
13 200
12 200
12 200
14 200
14 200
13 200
15 200
7 200
7 200
10 200
10 200
13 200
13 200
14 200
15 200
15 200
16 200
7 200
9 200
12 200
12 200
12 200
10 200
13 200
12 200
13 200
16 200
10 200
11 200
11 200
12 200
12 200
13 200
15 200
17 200
17 200
15 200
8 200
7 200
11 200
10 200
13 200
13 200
14 200
13 200
15 200
17 200
9 200
10 200
9 200
11 200
11 200
12 200
14 200
14 200
15 200
15 200
9 200
11 200
12 200
13 200
11 200
14 200
13 200
14 200
13 200
14 200
9 200
11 200
9 200
9 200
13 200
12 200
14 200
10 200
12 200
12 200
